# 对比度结果
源文件：**mon3tr.json**

### Text vs UI
阈值：普通 ≥ **4.5** :1
|  | Base | Mantle | Crust | Surface0 | Surface1 | Surface2 | Overlay0 | Overlay1 | Overlay2 |
| --- | --- | --- | --- | --- | --- | --- | --- | --- | --- |
| Text | 11.74 | 12.99 | 14.12 | 8.71 | 6.19 | 4.41 ❌ | 3.25 ❌ | 2.46 ❌ | 1.94 ❌ |
| Subtext0 | 8.32 | 9.20 | 10.00 | 6.17 | 4.38 ❌ | 3.13 ❌ | 2.30 ❌ | 1.74 ❌ | 1.38 ❌ |
| Subtext1 | 9.88 | 10.94 | 11.89 | 7.33 | 5.21 | 3.72 ❌ | 2.74 ❌ | 2.07 ❌ | 1.64 ❌ |

### Semantic vs UI
阈值：普通 ≥ **2.5** :1
|  | Base | Mantle | Crust | Surface0 | Surface1 | Surface2 | Overlay0 | Overlay1 | Overlay2 |
| --- | --- | --- | --- | --- | --- | --- | --- | --- | --- |
| Rosewater | 12.52 | 13.85 | 15.05 | 9.28 | 6.59 | 4.71 | 3.46 | 2.62 | 2.07 ❌ |
| Flamingo | 10.13 | 11.21 | 12.18 | 7.51 | 5.34 | 3.81 | 2.80 | 2.12 ❌ | 1.68 ❌ |
| Pink | 8.97 | 9.93 | 10.79 | 6.65 | 4.73 | 3.37 | 2.48 ❌ | 1.88 ❌ | 1.48 ❌ |
| Mauve | 7.14 | 7.90 | 8.59 | 5.29 | 3.76 | 2.68 | 1.98 ❌ | 1.50 ❌ | 1.18 ❌ |
| Red | 4.46 | 4.94 | 5.36 | 3.31 | 2.35 ❌ | 1.68 ❌ | 1.23 ❌ | 1.07 ❌ | 1.35 ❌ |
| Maroon | 2.55 | 2.82 | 3.07 | 1.89 ❌ | 1.34 ❌ | 1.04 ❌ | 1.42 ❌ | 1.87 ❌ | 2.37 ❌ |
| Peach | 9.21 | 10.19 | 11.07 | 6.83 | 4.85 | 3.46 | 2.55 | 1.93 ❌ | 1.52 ❌ |
| Yellow | 10.99 | 12.16 | 13.22 | 8.15 | 5.79 | 4.13 | 3.04 | 2.30 ❌ | 1.82 ❌ |
| Green | 8.11 | 8.98 | 9.76 | 6.02 | 4.28 | 3.05 | 2.25 ❌ | 1.70 ❌ | 1.34 ❌ |
| Teal | 6.49 | 7.19 | 7.81 | 4.82 | 3.42 | 2.44 ❌ | 1.80 ❌ | 1.36 ❌ | 1.07 ❌ |
| Sky | 9.50 | 10.51 | 11.42 | 7.05 | 5.01 | 3.57 | 2.63 | 1.99 ❌ | 1.57 ❌ |
| Sapphire | 5.24 | 5.80 | 6.30 | 3.89 | 2.76 | 1.97 ❌ | 1.45 ❌ | 1.10 ❌ | 1.15 ❌ |
| Blue | 4.38 | 4.84 | 5.26 | 3.25 | 2.31 ❌ | 1.65 ❌ | 1.21 ❌ | 1.09 ❌ | 1.38 ❌ |
| Lavender | 8.45 | 9.35 | 10.16 | 6.27 | 4.45 | 3.18 | 2.34 ❌ | 1.77 ❌ | 1.40 ❌ |

### Semantic vs Semantic
阈值：未设置
|  | Rosewater | Flamingo | Pink | Mauve | Red | Maroon | Peach | Yellow | Green | Teal | Sky | Sapphire | Blue | Lavender |
| --- | --- | --- | --- | --- | --- | --- | --- | --- | --- | --- | --- | --- | --- | --- |
| Rosewater | 1.00 | 1.24 | 1.40 | 1.75 | 2.81 | 4.91 | 1.36 | 1.14 | 1.54 | 1.93 | 1.32 | 2.39 | 2.86 | 1.48 |
| Flamingo | 1.24 | 1.00 | 1.13 | 1.42 | 2.27 | 3.97 | 1.10 | 1.09 | 1.25 | 1.56 | 1.07 | 1.93 | 2.31 | 1.20 |
| Pink | 1.40 | 1.13 | 1.00 | 1.26 | 2.01 | 3.52 | 1.03 | 1.22 | 1.11 | 1.38 | 1.06 | 1.71 | 2.05 | 1.06 |
| Mauve | 1.75 | 1.42 | 1.26 | 1.00 | 1.60 | 2.80 | 1.29 | 1.54 | 1.14 | 1.10 | 1.33 | 1.36 | 1.63 | 1.18 |
| Red | 2.81 | 2.27 | 2.01 | 1.60 | 1.00 | 1.75 | 2.06 | 2.46 | 1.82 | 1.46 | 2.13 | 1.17 | 1.02 | 1.89 |
| Maroon | 4.91 | 3.97 | 3.52 | 2.80 | 1.75 | 1.00 | 3.61 | 4.31 | 3.18 | 2.55 | 3.72 | 2.05 | 1.72 | 3.31 |
| Peach | 1.36 | 1.10 | 1.03 | 1.29 | 2.06 | 3.61 | 1.00 | 1.19 | 1.13 | 1.42 | 1.03 | 1.76 | 2.10 | 1.09 |
| Yellow | 1.14 | 1.09 | 1.22 | 1.54 | 2.46 | 4.31 | 1.19 | 1.00 | 1.35 | 1.69 | 1.16 | 2.10 | 2.51 | 1.30 |
| Green | 1.54 | 1.25 | 1.11 | 1.14 | 1.82 | 3.18 | 1.13 | 1.35 | 1.00 | 1.25 | 1.17 | 1.55 | 1.85 | 1.04 |
| Teal | 1.93 | 1.56 | 1.38 | 1.10 | 1.46 | 2.55 | 1.42 | 1.69 | 1.25 | 1.00 | 1.46 | 1.24 | 1.48 | 1.30 |
| Sky | 1.32 | 1.07 | 1.06 | 1.33 | 2.13 | 3.72 | 1.03 | 1.16 | 1.17 | 1.46 | 1.00 | 1.81 | 2.17 | 1.12 |
| Sapphire | 2.39 | 1.93 | 1.71 | 1.36 | 1.17 | 2.05 | 1.76 | 2.10 | 1.55 | 1.24 | 1.81 | 1.00 | 1.20 | 1.61 |
| Blue | 2.86 | 2.31 | 2.05 | 1.63 | 1.02 | 1.72 | 2.10 | 2.51 | 1.85 | 1.48 | 2.17 | 1.20 | 1.00 | 1.93 |
| Lavender | 1.48 | 1.20 | 1.06 | 1.18 | 1.89 | 3.31 | 1.09 | 1.30 | 1.04 | 1.30 | 1.12 | 1.61 | 1.93 | 1.00 |
