# 对比度结果
源文件：**theresa.json**

### Text vs UI
阈值：普通 ≥ **4.5** :1
|  | Base | Mantle | Crust | Surface0 | Surface1 | Surface2 | Overlay0 | Overlay1 | Overlay2 |
| --- | --- | --- | --- | --- | --- | --- | --- | --- | --- |
| Text | 6.47 | 5.96 | 5.46 | 4.57 | 3.78 ❌ | 3.10 ❌ | 2.51 ❌ | 2.01 ❌ | 1.62 ❌ |
| Subtext0 | 4.10 ❌ | 3.78 ❌ | 3.46 ❌ | 2.90 ❌ | 2.40 ❌ | 1.96 ❌ | 1.59 ❌ | 1.28 ❌ | 1.03 ❌ |
| Subtext1 | 5.14 | 4.74 | 4.34 ❌ | 3.64 ❌ | 3.01 ❌ | 2.46 ❌ | 2.00 ❌ | 1.60 ❌ | 1.29 ❌ |

### Semantic vs UI
阈值：普通 ≥ **2.5** :1
|  | Base | Mantle | Crust | Surface0 | Surface1 | Surface2 | Overlay0 | Overlay1 | Overlay2 |
| --- | --- | --- | --- | --- | --- | --- | --- | --- | --- |
| Rosewater | 2.55 | 2.35 ❌ | 2.15 ❌ | 1.80 ❌ | 1.49 ❌ | 1.22 ❌ | 1.01 ❌ | 1.26 ❌ | 1.56 ❌ |
| Flamingo | 2.59 | 2.39 ❌ | 2.19 ❌ | 1.83 ❌ | 1.52 ❌ | 1.24 ❌ | 1.01 ❌ | 1.24 ❌ | 1.54 ❌ |
| Pink | 2.55 | 2.35 ❌ | 2.15 ❌ | 1.80 ❌ | 1.49 ❌ | 1.22 ❌ | 1.01 ❌ | 1.26 ❌ | 1.56 ❌ |
| Mauve | 2.55 | 2.35 ❌ | 2.16 ❌ | 1.80 ❌ | 1.49 ❌ | 1.22 ❌ | 1.01 ❌ | 1.26 ❌ | 1.56 ❌ |
| Red | 3.25 | 2.99 | 2.74 | 2.29 ❌ | 1.90 ❌ | 1.56 ❌ | 1.26 ❌ | 1.01 ❌ | 1.23 ❌ |
| Maroon | 5.24 | 4.83 | 4.42 | 3.70 | 3.06 | 2.51 | 2.03 ❌ | 1.63 ❌ | 1.32 ❌ |
| Peach | 2.55 | 2.35 ❌ | 2.16 ❌ | 1.81 ❌ | 1.49 ❌ | 1.22 ❌ | 1.01 ❌ | 1.26 ❌ | 1.56 ❌ |
| Yellow | 2.60 | 2.40 ❌ | 2.20 ❌ | 1.84 ❌ | 1.52 ❌ | 1.25 ❌ | 1.01 ❌ | 1.23 ❌ | 1.53 ❌ |
| Green | 2.53 | 2.33 ❌ | 2.14 ❌ | 1.79 ❌ | 1.48 ❌ | 1.21 ❌ | 1.02 ❌ | 1.27 ❌ | 1.57 ❌ |
| Teal | 2.55 | 2.36 ❌ | 2.16 ❌ | 1.81 ❌ | 1.49 ❌ | 1.22 ❌ | 1.01 ❌ | 1.26 ❌ | 1.56 ❌ |
| Sky | 2.58 | 2.38 ❌ | 2.18 ❌ | 1.82 ❌ | 1.51 ❌ | 1.24 ❌ | 1.00 ❌ | 1.24 ❌ | 1.54 ❌ |
| Sapphire | 2.54 | 2.34 ❌ | 2.14 ❌ | 1.79 ❌ | 1.48 ❌ | 1.22 ❌ | 1.02 ❌ | 1.26 ❌ | 1.57 ❌ |
| Blue | 3.12 | 2.87 | 2.63 | 2.20 ❌ | 1.82 ❌ | 1.49 ❌ | 1.21 ❌ | 1.03 ❌ | 1.28 ❌ |
| Lavender | 2.56 | 2.36 ❌ | 2.16 ❌ | 1.81 ❌ | 1.50 ❌ | 1.23 ❌ | 1.01 ❌ | 1.25 ❌ | 1.55 ❌ |

### Semantic vs Semantic
阈值：未设置
|  | Rosewater | Flamingo | Pink | Mauve | Red | Maroon | Peach | Yellow | Green | Teal | Sky | Sapphire | Blue | Lavender |
| --- | --- | --- | --- | --- | --- | --- | --- | --- | --- | --- | --- | --- | --- | --- |
| Rosewater | 1.00 | 1.02 | 1.00 | 1.00 | 1.27 | 2.05 | 1.00 | 1.02 | 1.01 | 1.00 | 1.01 | 1.00 | 1.22 | 1.00 |
| Flamingo | 1.02 | 1.00 | 1.02 | 1.01 | 1.25 | 2.02 | 1.01 | 1.00 | 1.02 | 1.01 | 1.00 | 1.02 | 1.20 | 1.01 |
| Pink | 1.00 | 1.02 | 1.00 | 1.00 | 1.27 | 2.06 | 1.00 | 1.02 | 1.01 | 1.00 | 1.01 | 1.00 | 1.22 | 1.00 |
| Mauve | 1.00 | 1.01 | 1.00 | 1.00 | 1.27 | 2.05 | 1.00 | 1.02 | 1.01 | 1.00 | 1.01 | 1.01 | 1.22 | 1.00 |
| Red | 1.27 | 1.25 | 1.27 | 1.27 | 1.00 | 1.61 | 1.27 | 1.25 | 1.28 | 1.27 | 1.26 | 1.28 | 1.04 | 1.27 |
| Maroon | 2.05 | 2.02 | 2.06 | 2.05 | 1.61 | 1.00 | 2.05 | 2.01 | 2.07 | 2.05 | 2.03 | 2.06 | 1.68 | 2.05 |
| Peach | 1.00 | 1.01 | 1.00 | 1.00 | 1.27 | 2.05 | 1.00 | 1.02 | 1.01 | 1.00 | 1.01 | 1.01 | 1.22 | 1.00 |
| Yellow | 1.02 | 1.00 | 1.02 | 1.02 | 1.25 | 2.01 | 1.02 | 1.00 | 1.03 | 1.02 | 1.01 | 1.02 | 1.20 | 1.02 |
| Green | 1.01 | 1.02 | 1.01 | 1.01 | 1.28 | 2.07 | 1.01 | 1.03 | 1.00 | 1.01 | 1.02 | 1.00 | 1.23 | 1.01 |
| Teal | 1.00 | 1.01 | 1.00 | 1.00 | 1.27 | 2.05 | 1.00 | 1.02 | 1.01 | 1.00 | 1.01 | 1.01 | 1.22 | 1.00 |
| Sky | 1.01 | 1.00 | 1.01 | 1.01 | 1.26 | 2.03 | 1.01 | 1.01 | 1.02 | 1.01 | 1.00 | 1.02 | 1.21 | 1.01 |
| Sapphire | 1.00 | 1.02 | 1.00 | 1.01 | 1.28 | 2.06 | 1.01 | 1.02 | 1.00 | 1.01 | 1.02 | 1.00 | 1.23 | 1.01 |
| Blue | 1.22 | 1.20 | 1.22 | 1.22 | 1.04 | 1.68 | 1.22 | 1.20 | 1.23 | 1.22 | 1.21 | 1.23 | 1.00 | 1.22 |
| Lavender | 1.00 | 1.01 | 1.00 | 1.00 | 1.27 | 2.05 | 1.00 | 1.02 | 1.01 | 1.00 | 1.01 | 1.01 | 1.22 | 1.00 |
