# 对比度结果
源文件：**theresa.json**

### Text vs UI
阈值：普通 ≥ **4.5** :1
|  | Base | Mantle | Crust | Surface0 | Surface1 | Surface2 | Overlay0 | Overlay1 | Overlay2 |
| --- | --- | --- | --- | --- | --- | --- | --- | --- | --- |
| Text | 7.68 | 7.13 | 6.59 | 5.64 | 4.77 | 3.97 ❌ | 3.30 ❌ | 2.69 ❌ | 2.18 ❌ |
| Subtext0 | 4.87 | 4.52 | 4.18 ❌ | 3.58 ❌ | 3.02 ❌ | 2.52 ❌ | 2.09 ❌ | 1.71 ❌ | 1.38 ❌ |
| Subtext1 | 6.11 | 5.67 | 5.24 | 4.49 ❌ | 3.79 ❌ | 3.16 ❌ | 2.63 ❌ | 2.14 ❌ | 1.73 ❌ |

### Semantic vs UI
阈值：普通 ≥ **2.5** :1
|  | Base | Mantle | Crust | Surface0 | Surface1 | Surface2 | Overlay0 | Overlay1 | Overlay2 |
| --- | --- | --- | --- | --- | --- | --- | --- | --- | --- |
| Rosewater | 3.03 | 2.81 | 2.60 | 2.22 ❌ | 1.88 ❌ | 1.57 ❌ | 1.30 ❌ | 1.06 ❌ | 1.16 ❌ |
| Flamingo | 3.08 | 2.86 | 2.64 | 2.26 ❌ | 1.91 ❌ | 1.59 ❌ | 1.32 ❌ | 1.08 ❌ | 1.15 ❌ |
| Pink | 3.03 | 2.81 | 2.60 | 2.22 ❌ | 1.88 ❌ | 1.57 ❌ | 1.30 ❌ | 1.06 ❌ | 1.17 ❌ |
| Mauve | 3.03 | 2.81 | 2.60 | 2.23 ❌ | 1.88 ❌ | 1.57 ❌ | 1.30 ❌ | 1.06 ❌ | 1.16 ❌ |
| Red | 3.86 | 3.58 | 3.31 | 2.83 | 2.39 ❌ | 1.99 ❌ | 1.66 ❌ | 1.35 ❌ | 1.09 ❌ |
| Maroon | 6.22 | 5.77 | 5.34 | 4.57 | 3.86 | 3.22 | 2.67 | 2.18 ❌ | 1.76 ❌ |
| Peach | 3.03 | 2.81 | 2.60 | 2.23 ❌ | 1.88 ❌ | 1.57 ❌ | 1.30 ❌ | 1.06 ❌ | 1.16 ❌ |
| Yellow | 3.09 | 2.87 | 2.65 | 2.27 ❌ | 1.92 ❌ | 1.60 ❌ | 1.33 ❌ | 1.08 ❌ | 1.14 ❌ |
| Green | 3.01 | 2.79 | 2.58 | 2.21 ❌ | 1.87 ❌ | 1.56 ❌ | 1.29 ❌ | 1.05 ❌ | 1.17 ❌ |
| Teal | 3.04 | 2.82 | 2.60 | 2.23 ❌ | 1.88 ❌ | 1.57 ❌ | 1.30 ❌ | 1.06 ❌ | 1.16 ❌ |
| Sky | 3.07 | 2.84 | 2.63 | 2.25 ❌ | 1.90 ❌ | 1.59 ❌ | 1.32 ❌ | 1.07 ❌ | 1.15 ❌ |
| Sapphire | 3.02 | 2.80 | 2.59 | 2.21 ❌ | 1.87 ❌ | 1.56 ❌ | 1.30 ❌ | 1.06 ❌ | 1.17 ❌ |
| Blue | 3.70 | 3.44 | 3.18 | 2.72 | 2.30 ❌ | 1.92 ❌ | 1.59 ❌ | 1.30 ❌ | 1.05 ❌ |
| Lavender | 3.04 | 2.82 | 2.61 | 2.23 ❌ | 1.89 ❌ | 1.57 ❌ | 1.31 ❌ | 1.07 ❌ | 1.16 ❌ |

### Semantic vs Semantic
阈值：未设置
|  | Rosewater | Flamingo | Pink | Mauve | Red | Maroon | Peach | Yellow | Green | Teal | Sky | Sapphire | Blue | Lavender |
| --- | --- | --- | --- | --- | --- | --- | --- | --- | --- | --- | --- | --- | --- | --- |
| Rosewater | 1.00 | 1.02 | 1.00 | 1.00 | 1.27 | 2.05 | 1.00 | 1.02 | 1.01 | 1.00 | 1.01 | 1.00 | 1.22 | 1.00 |
| Flamingo | 1.02 | 1.00 | 1.02 | 1.01 | 1.25 | 2.02 | 1.01 | 1.00 | 1.02 | 1.01 | 1.00 | 1.02 | 1.20 | 1.01 |
| Pink | 1.00 | 1.02 | 1.00 | 1.00 | 1.27 | 2.06 | 1.00 | 1.02 | 1.01 | 1.00 | 1.01 | 1.00 | 1.22 | 1.00 |
| Mauve | 1.00 | 1.01 | 1.00 | 1.00 | 1.27 | 2.05 | 1.00 | 1.02 | 1.01 | 1.00 | 1.01 | 1.01 | 1.22 | 1.00 |
| Red | 1.27 | 1.25 | 1.27 | 1.27 | 1.00 | 1.61 | 1.27 | 1.25 | 1.28 | 1.27 | 1.26 | 1.28 | 1.04 | 1.27 |
| Maroon | 2.05 | 2.02 | 2.06 | 2.05 | 1.61 | 1.00 | 2.05 | 2.01 | 2.07 | 2.05 | 2.03 | 2.06 | 1.68 | 2.05 |
| Peach | 1.00 | 1.01 | 1.00 | 1.00 | 1.27 | 2.05 | 1.00 | 1.02 | 1.01 | 1.00 | 1.01 | 1.01 | 1.22 | 1.00 |
| Yellow | 1.02 | 1.00 | 1.02 | 1.02 | 1.25 | 2.01 | 1.02 | 1.00 | 1.03 | 1.02 | 1.01 | 1.02 | 1.20 | 1.02 |
| Green | 1.01 | 1.02 | 1.01 | 1.01 | 1.28 | 2.07 | 1.01 | 1.03 | 1.00 | 1.01 | 1.02 | 1.00 | 1.23 | 1.01 |
| Teal | 1.00 | 1.01 | 1.00 | 1.00 | 1.27 | 2.05 | 1.00 | 1.02 | 1.01 | 1.00 | 1.01 | 1.01 | 1.22 | 1.00 |
| Sky | 1.01 | 1.00 | 1.01 | 1.01 | 1.26 | 2.03 | 1.01 | 1.01 | 1.02 | 1.01 | 1.00 | 1.02 | 1.21 | 1.01 |
| Sapphire | 1.00 | 1.02 | 1.00 | 1.01 | 1.28 | 2.06 | 1.01 | 1.02 | 1.00 | 1.01 | 1.02 | 1.00 | 1.23 | 1.01 |
| Blue | 1.22 | 1.20 | 1.22 | 1.22 | 1.04 | 1.68 | 1.22 | 1.20 | 1.23 | 1.22 | 1.21 | 1.23 | 1.00 | 1.22 |
| Lavender | 1.00 | 1.01 | 1.00 | 1.00 | 1.27 | 2.05 | 1.00 | 1.02 | 1.01 | 1.00 | 1.01 | 1.01 | 1.22 | 1.00 |
