# Contrast report

## Text vs UI
|          |   Base |   Mantle |   Crust |   Surface0 |   Surface1 |   Surface2 |   Overlay0 |   Overlay1 |   Overlay2 |
|----------|--------|----------|---------|------------|------------|------------|------------|------------|------------|
| Text     |   9.12 |     8.47 |    7.76 |       6.54 |       5.38 |       4.43 |       3.6  |       2.9  |       2.27 |
| Subtext0 |   9.98 |     9.26 |    8.49 |       7.15 |       5.88 |       4.84 |       3.94 |       3.17 |       2.48 |
| Subtext1 |  10.74 |     9.97 |    9.14 |       7.7  |       6.33 |       5.21 |       4.24 |       3.41 |       2.67 |

## Semantic vs UI
|           |   Base |   Mantle |   Crust |   Surface0 |   Surface1 |   Surface2 |   Overlay0 |   Overlay1 |   Overlay2 |
|-----------|--------|----------|---------|------------|------------|------------|------------|------------|------------|
| Rosewater |   2.52 |     2.34 |    2.15 |       1.81 |       1.49 |       1.22 |       1    |       1.25 |       1.59 |
| Flamingo  |   2.52 |     2.34 |    2.14 |       1.81 |       1.49 |       1.22 |       1    |       1.25 |       1.59 |
| Pink      |   2.52 |     2.34 |    2.14 |       1.8  |       1.49 |       1.22 |       1.01 |       1.25 |       1.59 |
| Mauve     |   2.51 |     2.33 |    2.14 |       1.8  |       1.48 |       1.22 |       1.01 |       1.25 |       1.6  |
| Red       |   2.94 |     2.73 |    2.5  |       2.11 |       1.74 |       1.43 |       1.16 |       1.07 |       1.36 |
| Maroon    |   5.89 |     5.47 |    5.01 |       4.22 |       3.47 |       2.86 |       2.33 |       1.87 |       1.47 |
| Peach     |   2.59 |     2.41 |    2.21 |       1.86 |       1.53 |       1.26 |       1.02 |       1.21 |       1.55 |
| Yellow    |   2.53 |     2.35 |    2.15 |       1.81 |       1.49 |       1.23 |       1    |       1.24 |       1.59 |
| Green     |   2.55 |     2.37 |    2.17 |       1.83 |       1.5  |       1.24 |       1.01 |       1.23 |       1.57 |
| Teal      |   4.5  |     4.18 |    3.83 |       3.22 |       2.65 |       2.19 |       1.78 |       1.43 |       1.12 |
| Sky       |   2.6  |     2.41 |    2.21 |       1.86 |       1.53 |       1.26 |       1.03 |       1.21 |       1.55 |
| Sapphire  |   2.54 |     2.36 |    2.16 |       1.82 |       1.5  |       1.24 |       1.01 |       1.24 |       1.58 |
| Blue      |   2.53 |     2.35 |    2.15 |       1.81 |       1.49 |       1.23 |       1    |       1.25 |       1.59 |
| Lavender  |   2.58 |     2.39 |    2.19 |       1.85 |       1.52 |       1.25 |       1.02 |       1.22 |       1.56 |

## Semantic vs Semantic
|           |   Rosewater |   Flamingo |   Pink |   Mauve |   Red |   Maroon |   Peach |   Yellow |   Green |   Teal |   Sky |   Sapphire |   Blue |   Lavender |
|-----------|-------------|------------|--------|---------|-------|----------|---------|----------|---------|--------|-------|------------|--------|------------|
| Rosewater |        1    |       1    |   1    |    1    |  1.17 |     2.34 |    1.03 |     1    |    1.01 |   1.78 |  1.03 |       1.01 |   1    |       1.02 |
| Flamingo  |        1    |       1    |   1    |    1    |  1.17 |     2.34 |    1.03 |     1    |    1.01 |   1.79 |  1.03 |       1.01 |   1    |       1.02 |
| Pink      |        1    |       1    |   1    |    1    |  1.17 |     2.34 |    1.03 |     1    |    1.01 |   1.79 |  1.03 |       1.01 |   1    |       1.02 |
| Mauve     |        1    |       1    |   1    |    1    |  1.17 |     2.35 |    1.03 |     1.01 |    1.02 |   1.79 |  1.03 |       1.01 |   1.01 |       1.03 |
| Red       |        1.17 |       1.17 |   1.17 |    1.17 |  1    |     2    |    1.14 |     1.16 |    1.15 |   1.53 |  1.13 |       1.16 |   1.16 |       1.14 |
| Maroon    |        2.34 |       2.34 |   2.34 |    2.35 |  2    |     1    |    2.27 |     2.33 |    2.31 |   1.31 |  2.27 |       2.32 |   2.33 |       2.29 |
| Peach     |        1.03 |       1.03 |   1.03 |    1.03 |  1.14 |     2.27 |    1    |     1.02 |    1.02 |   1.74 |  1    |       1.02 |   1.03 |       1.01 |
| Yellow    |        1    |       1    |   1    |    1.01 |  1.16 |     2.33 |    1.02 |     1    |    1.01 |   1.78 |  1.03 |       1.01 |   1    |       1.02 |
| Green     |        1.01 |       1.01 |   1.01 |    1.02 |  1.15 |     2.31 |    1.02 |     1.01 |    1    |   1.76 |  1.02 |       1    |   1.01 |       1.01 |
| Teal      |        1.78 |       1.79 |   1.79 |    1.79 |  1.53 |     1.31 |    1.74 |     1.78 |    1.76 |   1    |  1.73 |       1.77 |   1.78 |       1.75 |
| Sky       |        1.03 |       1.03 |   1.03 |    1.03 |  1.13 |     2.27 |    1    |     1.03 |    1.02 |   1.73 |  1    |       1.02 |   1.03 |       1.01 |
| Sapphire  |        1.01 |       1.01 |   1.01 |    1.01 |  1.16 |     2.32 |    1.02 |     1.01 |    1    |   1.77 |  1.02 |       1    |   1.01 |       1.01 |
| Blue      |        1    |       1    |   1    |    1.01 |  1.16 |     2.33 |    1.03 |     1    |    1.01 |   1.78 |  1.03 |       1.01 |   1    |       1.02 |
| Lavender  |        1.02 |       1.02 |   1.02 |    1.03 |  1.14 |     2.29 |    1.01 |     1.02 |    1.01 |   1.75 |  1.01 |       1.01 |   1.02 |       1    |
