# Contrast report

## Text vs UI
|          |   Base |   Mantle |   Crust |   Surface0 |   Surface1 |   Surface2 |   Overlay0 |   Overlay1 |   Overlay2 |
|----------|--------|----------|---------|------------|------------|------------|------------|------------|------------|
| Text     |   9.12 |     8.47 |    7.76 |       6.54 |       5.38 |       4.43 |       3.6  |       2.9  |       2.27 |
| Subtext0 |   9.98 |     9.26 |    8.49 |       7.15 |       5.88 |       4.84 |       3.94 |       3.17 |       2.48 |
| Subtext1 |  10.74 |     9.97 |    9.14 |       7.7  |       6.33 |       5.21 |       4.24 |       3.41 |       2.67 |

## Semantic vs UI
|           |   Base |   Mantle |   Crust |   Surface0 |   Surface1 |   Surface2 |   Overlay0 |   Overlay1 |   Overlay2 |
|-----------|--------|----------|---------|------------|------------|------------|------------|------------|------------|
| Rosewater |   3.07 |     2.85 |    2.61 |       2.2  |       1.81 |       1.49 |       1.21 |       1.03 |       1.31 |
| Flamingo  |   3.01 |     2.8  |    2.56 |       2.16 |       1.78 |       1.46 |       1.19 |       1.04 |       1.33 |
| Pink      |   2.8  |     2.59 |    2.38 |       2    |       1.65 |       1.36 |       1.1  |       1.13 |       1.44 |
| Mauve     |   6.56 |     6.09 |    5.58 |       4.7  |       3.87 |       3.19 |       2.59 |       2.08 |       1.63 |
| Red       |   2.94 |     2.73 |    2.5  |       2.11 |       1.74 |       1.43 |       1.16 |       1.07 |       1.36 |
| Maroon    |   5.89 |     5.47 |    5.01 |       4.22 |       3.47 |       2.86 |       2.33 |       1.87 |       1.47 |
| Peach     |   2.59 |     2.41 |    2.21 |       1.86 |       1.53 |       1.26 |       1.02 |       1.21 |       1.55 |
| Yellow    |   2.53 |     2.35 |    2.15 |       1.81 |       1.49 |       1.23 |       1    |       1.24 |       1.59 |
| Green     |   2.55 |     2.37 |    2.17 |       1.83 |       1.5  |       1.24 |       1.01 |       1.23 |       1.57 |
| Teal      |   4.5  |     4.18 |    3.83 |       3.22 |       2.65 |       2.19 |       1.78 |       1.43 |       1.12 |
| Sky       |   2.6  |     2.41 |    2.21 |       1.86 |       1.53 |       1.26 |       1.03 |       1.21 |       1.55 |
| Sapphire  |   2.87 |     2.66 |    2.44 |       2.06 |       1.69 |       1.39 |       1.13 |       1.1  |       1.4  |
| Blue      |   5.2  |     4.83 |    4.42 |       3.73 |       3.07 |       2.53 |       2.05 |       1.65 |       1.3  |
| Lavender  |   2.58 |     2.39 |    2.19 |       1.85 |       1.52 |       1.25 |       1.02 |       1.22 |       1.56 |

## Semantic vs Semantic
|           |   Rosewater |   Flamingo |   Pink |   Mauve |   Red |   Maroon |   Peach |   Yellow |   Green |   Teal |   Sky |   Sapphire |   Blue |   Lavender |
|-----------|-------------|------------|--------|---------|-------|----------|---------|----------|---------|--------|-------|------------|--------|------------|
| Rosewater |        1    |       1.02 |   1.1  |    2.14 |  1.04 |     1.92 |    1.18 |     1.21 |    1.2  |   1.47 |  1.18 |       1.07 |   1.69 |       1.19 |
| Flamingo  |        1.02 |       1    |   1.08 |    2.18 |  1.02 |     1.95 |    1.16 |     1.19 |    1.18 |   1.49 |  1.16 |       1.05 |   1.73 |       1.17 |
| Pink      |        1.1  |       1.08 |   1    |    2.35 |  1.05 |     2.11 |    1.08 |     1.1  |    1.1  |   1.61 |  1.08 |       1.03 |   1.86 |       1.08 |
| Mauve     |        2.14 |       2.18 |   2.35 |    1    |  2.23 |     1.11 |    2.53 |     2.59 |    2.57 |   1.46 |  2.53 |       2.29 |   1.26 |       2.55 |
| Red       |        1.04 |       1.02 |   1.05 |    2.23 |  1    |     2    |    1.14 |     1.16 |    1.15 |   1.53 |  1.13 |       1.03 |   1.77 |       1.14 |
| Maroon    |        1.92 |       1.95 |   2.11 |    1.11 |  2    |     1    |    2.27 |     2.33 |    2.31 |   1.31 |  2.27 |       2.05 |   1.13 |       2.29 |
| Peach     |        1.18 |       1.16 |   1.08 |    2.53 |  1.14 |     2.27 |    1    |     1.02 |    1.02 |   1.74 |  1    |       1.11 |   2.01 |       1.01 |
| Yellow    |        1.21 |       1.19 |   1.1  |    2.59 |  1.16 |     2.33 |    1.02 |     1    |    1.01 |   1.78 |  1.03 |       1.13 |   2.06 |       1.02 |
| Green     |        1.2  |       1.18 |   1.1  |    2.57 |  1.15 |     2.31 |    1.02 |     1.01 |    1    |   1.76 |  1.02 |       1.12 |   2.04 |       1.01 |
| Teal      |        1.47 |       1.49 |   1.61 |    1.46 |  1.53 |     1.31 |    1.74 |     1.78 |    1.76 |   1    |  1.73 |       1.57 |   1.16 |       1.75 |
| Sky       |        1.18 |       1.16 |   1.08 |    2.53 |  1.13 |     2.27 |    1    |     1.03 |    1.02 |   1.73 |  1    |       1.1  |   2    |       1.01 |
| Sapphire  |        1.07 |       1.05 |   1.03 |    2.29 |  1.03 |     2.05 |    1.11 |     1.13 |    1.12 |   1.57 |  1.1  |       1    |   1.81 |       1.11 |
| Blue      |        1.69 |       1.73 |   1.86 |    1.26 |  1.77 |     1.13 |    2.01 |     2.06 |    2.04 |   1.16 |  2    |       1.81 |   1    |       2.02 |
| Lavender  |        1.19 |       1.17 |   1.08 |    2.55 |  1.14 |     2.29 |    1.01 |     1.02 |    1.01 |   1.75 |  1.01 |       1.11 |   2.02 |       1    |
