# 对比度结果
源文件：**suzuran.json**

### Text vs UI
阈值：普通 ≥ **4.5** :1
|  | Base | Mantle | Crust | Surface0 | Surface1 | Surface2 | Overlay0 | Overlay1 | Overlay2 |
| --- | --- | --- | --- | --- | --- | --- | --- | --- | --- |
| Text | 13.72 | 12.45 | 11.27 | 9.21 | 7.44 | 5.90 | 4.62 | 3.61 ❌ | 2.79 ❌ |
| Subtext0 | 9.91 | 8.99 | 8.14 | 6.66 | 5.38 | 4.26 ❌ | 3.34 ❌ | 2.61 ❌ | 2.01 ❌ |
| Subtext1 | 11.98 | 10.87 | 9.84 | 8.04 | 6.50 | 5.15 | 4.04 ❌ | 3.16 ❌ | 2.43 ❌ |

### Semantic vs UI
阈值：普通 ≥ **2.5** :1
|  | Base | Mantle | Crust | Surface0 | Surface1 | Surface2 | Overlay0 | Overlay1 | Overlay2 |
| --- | --- | --- | --- | --- | --- | --- | --- | --- | --- |
| Rosewater | 4.55 | 4.13 | 3.74 | 3.05 | 2.47 ❌ | 1.96 ❌ | 1.53 ❌ | 1.20 ❌ | 1.08 ❌ |
| Flamingo | 5.17 | 4.69 | 4.25 | 3.47 | 2.80 | 2.22 ❌ | 1.74 ❌ | 1.36 ❌ | 1.05 ❌ |
| Pink | 4.82 | 4.37 | 3.96 | 3.24 | 2.61 | 2.07 ❌ | 1.62 ❌ | 1.27 ❌ | 1.02 ❌ |
| Mauve | 5.25 | 4.77 | 4.32 | 3.53 | 2.85 | 2.26 ❌ | 1.77 ❌ | 1.38 ❌ | 1.07 ❌ |
| Red | 4.27 | 3.87 | 3.51 | 2.86 | 2.31 ❌ | 1.84 ❌ | 1.44 ❌ | 1.12 ❌ | 1.15 ❌ |
| Maroon | 4.47 | 4.05 | 3.67 | 3.00 | 2.42 ❌ | 1.92 ❌ | 1.50 ❌ | 1.18 ❌ | 1.10 ❌ |
| Peach | 4.38 | 3.97 | 3.60 | 2.94 | 2.37 ❌ | 1.88 ❌ | 1.48 ❌ | 1.15 ❌ | 1.12 ❌ |
| Yellow | 5.04 | 4.57 | 4.14 | 3.38 | 2.73 | 2.17 ❌ | 1.70 ❌ | 1.33 ❌ | 1.02 ❌ |
| Green | 4.72 | 4.29 | 3.88 | 3.17 | 2.56 | 2.03 ❌ | 1.59 ❌ | 1.24 ❌ | 1.04 ❌ |
| Teal | 4.83 | 4.38 | 3.97 | 3.24 | 2.62 | 2.08 ❌ | 1.63 ❌ | 1.27 ❌ | 1.02 ❌ |
| Sky | 5.41 | 4.91 | 4.45 | 3.63 | 2.93 | 2.33 ❌ | 1.82 ❌ | 1.43 ❌ | 1.10 ❌ |
| Sapphire | 4.16 | 3.78 | 3.42 | 2.79 | 2.26 ❌ | 1.79 ❌ | 1.40 ❌ | 1.10 ❌ | 1.18 ❌ |
| Blue | 4.22 | 3.83 | 3.47 | 2.83 | 2.29 ❌ | 1.81 ❌ | 1.42 ❌ | 1.11 ❌ | 1.17 ❌ |
| Lavender | 4.34 | 3.94 | 3.56 | 2.91 | 2.35 ❌ | 1.87 ❌ | 1.46 ❌ | 1.14 ❌ | 1.14 ❌ |

### Semantic vs Semantic
阈值：未设置
|  | Rosewater | Flamingo | Pink | Mauve | Red | Maroon | Peach | Yellow | Green | Teal | Sky | Sapphire | Blue | Lavender |
| --- | --- | --- | --- | --- | --- | --- | --- | --- | --- | --- | --- | --- | --- | --- |
| Rosewater | 1.00 | 1.14 | 1.06 | 1.15 | 1.07 | 1.02 | 1.04 | 1.11 | 1.04 | 1.06 | 1.19 | 1.09 | 1.08 | 1.05 |
| Flamingo | 1.14 | 1.00 | 1.07 | 1.02 | 1.21 | 1.16 | 1.18 | 1.03 | 1.09 | 1.07 | 1.05 | 1.24 | 1.23 | 1.19 |
| Pink | 1.06 | 1.07 | 1.00 | 1.09 | 1.13 | 1.08 | 1.10 | 1.05 | 1.02 | 1.00 | 1.12 | 1.16 | 1.14 | 1.11 |
| Mauve | 1.15 | 1.02 | 1.09 | 1.00 | 1.23 | 1.18 | 1.20 | 1.04 | 1.11 | 1.09 | 1.03 | 1.26 | 1.25 | 1.21 |
| Red | 1.07 | 1.21 | 1.13 | 1.23 | 1.00 | 1.05 | 1.03 | 1.18 | 1.11 | 1.13 | 1.27 | 1.02 | 1.01 | 1.02 |
| Maroon | 1.02 | 1.16 | 1.08 | 1.18 | 1.05 | 1.00 | 1.02 | 1.13 | 1.06 | 1.08 | 1.21 | 1.07 | 1.06 | 1.03 |
| Peach | 1.04 | 1.18 | 1.10 | 1.20 | 1.03 | 1.02 | 1.00 | 1.15 | 1.08 | 1.10 | 1.24 | 1.05 | 1.04 | 1.01 |
| Yellow | 1.11 | 1.03 | 1.05 | 1.04 | 1.18 | 1.13 | 1.15 | 1.00 | 1.07 | 1.04 | 1.07 | 1.21 | 1.19 | 1.16 |
| Green | 1.04 | 1.09 | 1.02 | 1.11 | 1.11 | 1.06 | 1.08 | 1.07 | 1.00 | 1.02 | 1.15 | 1.13 | 1.12 | 1.09 |
| Teal | 1.06 | 1.07 | 1.00 | 1.09 | 1.13 | 1.08 | 1.10 | 1.04 | 1.02 | 1.00 | 1.12 | 1.16 | 1.15 | 1.11 |
| Sky | 1.19 | 1.05 | 1.12 | 1.03 | 1.27 | 1.21 | 1.24 | 1.07 | 1.15 | 1.12 | 1.00 | 1.30 | 1.28 | 1.25 |
| Sapphire | 1.09 | 1.24 | 1.16 | 1.26 | 1.02 | 1.07 | 1.05 | 1.21 | 1.13 | 1.16 | 1.30 | 1.00 | 1.01 | 1.04 |
| Blue | 1.08 | 1.23 | 1.14 | 1.25 | 1.01 | 1.06 | 1.04 | 1.19 | 1.12 | 1.15 | 1.28 | 1.01 | 1.00 | 1.03 |
| Lavender | 1.05 | 1.19 | 1.11 | 1.21 | 1.02 | 1.03 | 1.01 | 1.16 | 1.09 | 1.11 | 1.25 | 1.04 | 1.03 | 1.00 |
