# Contrast report

## Text vs UI
|          |   Base |   Mantle |   Crust |   Surface0 |   Surface1 |   Surface2 |   Overlay0 |   Overlay1 |   Overlay2 |
|----------|--------|----------|---------|------------|------------|------------|------------|------------|------------|
| Text     |   9.13 |    10.07 |   11.17 |       7    |       5.41 |       4.17 |       3.1  |       2.49 |       1.88 |
| Subtext0 |   6.07 |     6.7  |    7.43 |       4.65 |       3.6  |       2.78 |       2.06 |       1.65 |       1.25 |
| Subtext1 |   7.38 |     8.14 |    9.03 |       5.66 |       4.38 |       3.38 |       2.51 |       2.01 |       1.52 |

## Semantic vs UI
|           |   Base |   Mantle |   Crust |   Surface0 |   Surface1 |   Surface2 |   Overlay0 |   Overlay1 |   Overlay2 |
|-----------|--------|----------|---------|------------|------------|------------|------------|------------|------------|
| Rosewater |   8.48 |     9.35 |   10.37 |       6.5  |       5.02 |       3.88 |       2.88 |       2.31 |       1.74 |
| Flamingo  |   7.22 |     7.96 |    8.83 |       5.53 |       4.28 |       3.3  |       2.45 |       1.96 |       1.48 |
| Pink      |   6.03 |     6.65 |    7.38 |       4.62 |       3.57 |       2.76 |       2.05 |       1.64 |       1.24 |
| Mauve     |   6.19 |     6.83 |    7.58 |       4.75 |       3.67 |       2.83 |       2.1  |       1.69 |       1.27 |
| Red       |   5.18 |     5.72 |    6.34 |       3.97 |       3.07 |       2.37 |       1.76 |       1.41 |       1.07 |
| Maroon    |   3.67 |     4.05 |    4.49 |       2.81 |       2.17 |       1.68 |       1.25 |       1    |       1.33 |
| Peach     |   6.65 |     7.34 |    8.14 |       5.1  |       3.94 |       3.04 |       2.26 |       1.81 |       1.37 |
| Yellow    |   8.52 |     9.39 |   10.42 |       6.53 |       5.05 |       3.89 |       2.89 |       2.32 |       1.75 |
| Green     |   7.68 |     8.48 |    9.4  |       5.89 |       4.55 |       3.51 |       2.61 |       2.09 |       1.58 |
| Teal      |   7.04 |     7.77 |    8.62 |       5.4  |       4.18 |       3.22 |       2.39 |       1.92 |       1.45 |
| Sky       |   7.42 |     8.18 |    9.07 |       5.68 |       4.4  |       3.39 |       2.52 |       2.02 |       1.52 |
| Sapphire  |   4.06 |     4.48 |    4.97 |       3.11 |       2.41 |       1.86 |       1.38 |       1.11 |       1.2  |
| Blue      |   5.92 |     6.54 |    7.25 |       4.54 |       3.51 |       2.71 |       2.01 |       1.61 |       1.22 |
| Lavender  |   5.53 |     6.1  |    6.77 |       4.24 |       3.28 |       2.53 |       1.88 |       1.51 |       1.14 |

## Semantic vs Semantic
|           |   Rosewater |   Flamingo |   Pink |   Mauve |   Red |   Maroon |   Peach |   Yellow |   Green |   Teal |   Sky |   Sapphire |   Blue |   Lavender |
|-----------|-------------|------------|--------|---------|-------|----------|---------|----------|---------|--------|-------|------------|--------|------------|
| Rosewater |        1    |       1.17 |   1.41 |    1.37 |  1.64 |     2.31 |    1.27 |     1    |    1.1  |   1.2  |  1.14 |       2.09 |   1.43 |       1.53 |
| Flamingo  |        1.17 |       1    |   1.2  |    1.17 |  1.39 |     1.97 |    1.09 |     1.18 |    1.06 |   1.02 |  1.03 |       1.78 |   1.22 |       1.3  |
| Pink      |        1.41 |       1.2  |   1    |    1.03 |  1.16 |     1.64 |    1.1  |     1.41 |    1.27 |   1.17 |  1.23 |       1.48 |   1.02 |       1.09 |
| Mauve     |        1.37 |       1.17 |   1.03 |    1    |  1.19 |     1.69 |    1.07 |     1.38 |    1.24 |   1.14 |  1.2  |       1.52 |   1.05 |       1.12 |
| Red       |        1.64 |       1.39 |   1.16 |    1.19 |  1    |     1.41 |    1.28 |     1.64 |    1.48 |   1.36 |  1.43 |       1.28 |   1.14 |       1.07 |
| Maroon    |        2.31 |       1.97 |   1.64 |    1.69 |  1.41 |     1    |    1.81 |     2.32 |    2.09 |   1.92 |  2.02 |       1.11 |   1.62 |       1.51 |
| Peach     |        1.27 |       1.09 |   1.1  |    1.07 |  1.28 |     1.81 |    1    |     1.28 |    1.16 |   1.06 |  1.12 |       1.64 |   1.12 |       1.2  |
| Yellow    |        1    |       1.18 |   1.41 |    1.38 |  1.64 |     2.32 |    1.28 |     1    |    1.11 |   1.21 |  1.15 |       2.1  |   1.44 |       1.54 |
| Green     |        1.1  |       1.06 |   1.27 |    1.24 |  1.48 |     2.09 |    1.16 |     1.11 |    1    |   1.09 |  1.04 |       1.89 |   1.3  |       1.39 |
| Teal      |        1.2  |       1.02 |   1.17 |    1.14 |  1.36 |     1.92 |    1.06 |     1.21 |    1.09 |   1    |  1.05 |       1.73 |   1.19 |       1.27 |
| Sky       |        1.14 |       1.03 |   1.23 |    1.2  |  1.43 |     2.02 |    1.12 |     1.15 |    1.04 |   1.05 |  1    |       1.82 |   1.25 |       1.34 |
| Sapphire  |        2.09 |       1.78 |   1.48 |    1.52 |  1.28 |     1.11 |    1.64 |     2.1  |    1.89 |   1.73 |  1.82 |       1    |   1.46 |       1.36 |
| Blue      |        1.43 |       1.22 |   1.02 |    1.05 |  1.14 |     1.62 |    1.12 |     1.44 |    1.3  |   1.19 |  1.25 |       1.46 |   1    |       1.07 |
| Lavender  |        1.53 |       1.3  |   1.09 |    1.12 |  1.07 |     1.51 |    1.2  |     1.54 |    1.39 |   1.27 |  1.34 |       1.36 |   1.07 |       1    |
