# 对比度结果
源文件：**kal'tsit.json**

### Text vs UI
阈值：普通 ≥ **4.5** :1
|  | Base | Mantle | Crust | Surface0 | Surface1 | Surface2 | Overlay0 | Overlay1 | Overlay2 |
| --- | --- | --- | --- | --- | --- | --- | --- | --- | --- |
| Text | 7.80 | 7.26 | 6.67 | 5.73 | 4.87 | 4.10 ❌ | 3.41 ❌ | 2.78 ❌ | 2.25 ❌ |
| Subtext0 | 4.79 | 4.46 ❌ | 4.10 ❌ | 3.52 ❌ | 2.99 ❌ | 2.51 ❌ | 2.09 ❌ | 1.70 ❌ | 1.38 ❌ |
| Subtext1 | 6.09 | 5.66 | 5.21 | 4.47 ❌ | 3.80 ❌ | 3.20 ❌ | 2.66 ❌ | 2.17 ❌ | 1.76 ❌ |

### Semantic vs UI
阈值：普通 ≥ **2.5** :1
|  | Base | Mantle | Crust | Surface0 | Surface1 | Surface2 | Overlay0 | Overlay1 | Overlay2 |
| --- | --- | --- | --- | --- | --- | --- | --- | --- | --- |
| Rosewater | 2.60 | 2.42 ❌ | 2.22 ❌ | 1.91 ❌ | 1.62 ❌ | 1.37 ❌ | 1.14 ❌ | 1.08 ❌ | 1.33 ❌ |
| Flamingo | 2.74 | 2.55 | 2.34 ❌ | 2.01 ❌ | 1.71 ❌ | 1.44 ❌ | 1.20 ❌ | 1.03 ❌ | 1.27 ❌ |
| Pink | 2.74 | 2.54 | 2.34 ❌ | 2.01 ❌ | 1.71 ❌ | 1.44 ❌ | 1.20 ❌ | 1.03 ❌ | 1.27 ❌ |
| Mauve | 2.70 | 2.51 | 2.31 ❌ | 1.98 ❌ | 1.68 ❌ | 1.42 ❌ | 1.18 ❌ | 1.04 ❌ | 1.28 ❌ |
| Red | 3.50 | 3.25 | 2.99 | 2.57 | 2.18 ❌ | 1.84 ❌ | 1.53 ❌ | 1.24 ❌ | 1.01 ❌ |
| Maroon | 4.98 | 4.64 | 4.26 | 3.66 | 3.11 | 2.62 | 2.18 ❌ | 1.77 ❌ | 1.44 ❌ |
| Peach | 2.57 | 2.39 ❌ | 2.20 ❌ | 1.88 ❌ | 1.60 ❌ | 1.35 ❌ | 1.12 ❌ | 1.09 ❌ | 1.35 ❌ |
| Yellow | 2.58 | 2.40 ❌ | 2.21 ❌ | 1.89 ❌ | 1.61 ❌ | 1.35 ❌ | 1.13 ❌ | 1.09 ❌ | 1.34 ❌ |
| Green | 2.72 | 2.53 | 2.32 ❌ | 1.99 ❌ | 1.70 ❌ | 1.43 ❌ | 1.19 ❌ | 1.03 ❌ | 1.28 ❌ |
| Teal | 2.54 | 2.36 ❌ | 2.17 ❌ | 1.86 ❌ | 1.59 ❌ | 1.33 ❌ | 1.11 ❌ | 1.11 ❌ | 1.36 ❌ |
| Sky | 2.72 | 2.53 | 2.32 ❌ | 1.99 ❌ | 1.69 ❌ | 1.43 ❌ | 1.19 ❌ | 1.04 ❌ | 1.28 ❌ |
| Sapphire | 2.77 | 2.58 | 2.37 ❌ | 2.03 ❌ | 1.73 ❌ | 1.45 ❌ | 1.21 ❌ | 1.02 ❌ | 1.25 ❌ |
| Blue | 3.33 | 3.10 | 2.85 | 2.45 ❌ | 2.08 ❌ | 1.75 ❌ | 1.46 ❌ | 1.19 ❌ | 1.04 ❌ |
| Lavender | 2.59 | 2.41 ❌ | 2.22 ❌ | 1.90 ❌ | 1.62 ❌ | 1.36 ❌ | 1.13 ❌ | 1.08 ❌ | 1.34 ❌ |

### Semantic vs Semantic
阈值：未设置
|  | Rosewater | Flamingo | Pink | Mauve | Red | Maroon | Peach | Yellow | Green | Teal | Sky | Sapphire | Blue | Lavender |
| --- | --- | --- | --- | --- | --- | --- | --- | --- | --- | --- | --- | --- | --- | --- |
| Rosewater | 1.00 | 1.05 | 1.05 | 1.04 | 1.35 | 1.92 | 1.01 | 1.01 | 1.05 | 1.02 | 1.04 | 1.06 | 1.28 | 1.00 |
| Flamingo | 1.05 | 1.00 | 1.00 | 1.01 | 1.28 | 1.82 | 1.07 | 1.06 | 1.01 | 1.08 | 1.01 | 1.01 | 1.22 | 1.06 |
| Pink | 1.05 | 1.00 | 1.00 | 1.01 | 1.28 | 1.82 | 1.07 | 1.06 | 1.01 | 1.08 | 1.01 | 1.01 | 1.22 | 1.06 |
| Mauve | 1.04 | 1.01 | 1.01 | 1.00 | 1.30 | 1.85 | 1.05 | 1.05 | 1.01 | 1.06 | 1.01 | 1.03 | 1.23 | 1.04 |
| Red | 1.35 | 1.28 | 1.28 | 1.30 | 1.00 | 1.42 | 1.36 | 1.36 | 1.29 | 1.38 | 1.29 | 1.26 | 1.05 | 1.35 |
| Maroon | 1.92 | 1.82 | 1.82 | 1.85 | 1.42 | 1.00 | 1.94 | 1.93 | 1.83 | 1.96 | 1.84 | 1.80 | 1.50 | 1.92 |
| Peach | 1.01 | 1.07 | 1.07 | 1.05 | 1.36 | 1.94 | 1.00 | 1.00 | 1.06 | 1.01 | 1.06 | 1.08 | 1.30 | 1.01 |
| Yellow | 1.01 | 1.06 | 1.06 | 1.05 | 1.36 | 1.93 | 1.00 | 1.00 | 1.05 | 1.02 | 1.05 | 1.07 | 1.29 | 1.00 |
| Green | 1.05 | 1.01 | 1.01 | 1.01 | 1.29 | 1.83 | 1.06 | 1.05 | 1.00 | 1.07 | 1.00 | 1.02 | 1.23 | 1.05 |
| Teal | 1.02 | 1.08 | 1.08 | 1.06 | 1.38 | 1.96 | 1.01 | 1.02 | 1.07 | 1.00 | 1.07 | 1.09 | 1.31 | 1.02 |
| Sky | 1.04 | 1.01 | 1.01 | 1.01 | 1.29 | 1.84 | 1.06 | 1.05 | 1.00 | 1.07 | 1.00 | 1.02 | 1.23 | 1.05 |
| Sapphire | 1.06 | 1.01 | 1.01 | 1.03 | 1.26 | 1.80 | 1.08 | 1.07 | 1.02 | 1.09 | 1.02 | 1.00 | 1.20 | 1.07 |
| Blue | 1.28 | 1.22 | 1.22 | 1.23 | 1.05 | 1.50 | 1.30 | 1.29 | 1.23 | 1.31 | 1.23 | 1.20 | 1.00 | 1.29 |
| Lavender | 1.00 | 1.06 | 1.06 | 1.04 | 1.35 | 1.92 | 1.01 | 1.00 | 1.05 | 1.02 | 1.05 | 1.07 | 1.29 | 1.00 |
